11.7417
64.5383
34.4983
30.097
27.7302
22.1218
14.2846
2.74409
2.68305
0.373916
4.28578
0.722405
8.46698
3.04259
0.462169
2.37582
3.46914
4.07817
5.18006
5.01766
3.10549
5.97925
1.52627
1.20703
0.240246
1.89329
1.47158
0.178066
4.74353
3.4669
1.75011
5.25203
0.109216
0.815531
2.03189
2.27322
0.786387
5.70709
1.06876
1.78649
1.97876
2.39628
3.70173
3.09857
1.04649
7.36807
4.06329
0.681004
0.623763
2.1821
1.43275
4.28199
2.98018
2.21127
3.51478
2.32159
3.77824
7.00054
5.65049
3.95675
1.32978
0.790269
1.65105
0.448141
0.427673
0.47449
6.55293
2.72722
0.357279
0.142223
2.29449
0.891095
1.86783
0.118815
1.04739
1.25627
1.90332
0.179254
0.216202
3.92123
3.13753
1.48652
0.690525
5.51663
5.81582
2.89294
7.68627
4.08006
2.31489
3.95548
1.27119
6.67283
0.961172
1.38294
2.36868
0.583896
2.71315
0.243997
0.614448
4.25413
10.0594
0.100739
2.30573
0.0790477
3.36277
4.73047
1.57225
0.982281
1.99518
1.51593
3.4009
4.5409
1.43711
0.841927
2.12278
3.53953
0.597599
0.710695
2.8885
10.4215
2.55006
3.0587
2.22705
1.42772
3.04688
2.83391
4.59402
1.53633
0.191466
4.65686
2.06315
1.43469
0.596445
5.25405
4.06534
4.12363
2.19582
2.91161
0.682585
4.23319
6.48021
6.53775
1.63813
3.3409
3.94253
2.00378
6.73761
1.17592
5.08672
1.56362
0.614905
1.8704
2.16798
0.781082
4.83438
6.25002
1.35576
0.0324957
1.76439
0.829209
1.97813
5.50109
1.33789
1.86221
7.14303
5.29773
4.68847
3.27796
0.84823
3.73918
1.26499
0.434723
5.89709
4.85768
5.24551
3.71079
2.87142
0.683599
2.40312
0.680454
2.75336
0.125485
5.24427
2.49033
3.82568
5.51758
2.42413
0.255585
0.917783
1.49287
3.75154
4.14981
2.41213
5.25594
0.855049
2.72663
2.50995
1.61113
0.32349
3.56386
1.09598
2.71747
0.736218
1.90043
7.22642
3.90291
11.5498
2.04773
1.0128
0.900623
3.93033
1.64736
4.91699
3.33735
4.40546
1.62527
4.24465
2.48207
6.47856
2.73242
0.59927
0.507449
1.05411
2.30128
2.04901
1.26699
2.86998
7.10489
4.11055
3.9246
1.71932
1.35133
4.76249
3.29569
1.79243
4.44769
1.1705
1.77657
2.05773
7.78141
0.927353
9.46316
1.3299
2.17927
1.2496
1.8203
3.83574
2.67791
