0.0883998
2.657
8.78471
1.37799
0.227199
8.98244
10.1009
9.64053
6.48947
9.76053
5.78612
2.48743
4.28292
1.33274
2.08402
1.4543
0.0376647
0.0584306
0.165537
0.643512
1.19626
5.08511
1.73349
0.369725
3.24061
0.542446
0.228079
0.501105
0.768551
1.25123
1.12712
0.140031
0.17088
2.24601
0.394425
2.14952
1.17562
0.812329
0.46381
7.22388
1.08285
2.24284
1.41757
1.27509
3.26409
0.767639
1.61189
1.90522
5.56274
0.205747
0.722393
0.406026
0.860129
0.0674352
1.18
0.168603
0.18565
0.369526
3.87579
0.113069
1.63396
0.489629
3.6848
0.0901581
1.61196
1.14534
1.27924
2.2412
0.664658
0.947238
0.154669
1.08598
0.638337
3.10296
2.36935
2.25705
0.219432
0.0551424
2.6268
0.777333
1.1276
1.79336
1.20856
3.01813
2.27282
1.04997
2.52437
2.2712
11.373
3.55674
2.8689
0.905311
0.936379
3.48269
0.232244
0.721055
0.795199
2.53134
1.04337
1.08484
0.938116
1.34709
0.730688
0.688152
4.42353
3.50771
0.301406
1.91351
3.81407
0.0096572
1.37242
2.07039
7.01773
0.466824
0.867157
2.21053
2.64081
0.147878
0.285365
0.901905
3.49498
1.27111
1.52499
0.398718
2.51512
0.374638
1.20752
0.13865
0.27562
0.444653
5.27683
1.70538
3.58026
5.61144
0.0268205
0.217357
0.606015
6.68498
3.61092
0.943809
1.65792
1.55932
0.068778
6.18333
0.977823
3.04723
0.260992
1.62
1.38845
0.0184982
0.751165
0.121705
0.42923
1.55881
0.18704
1.42948
1.36698
0.241977
1.04775
8.03469
0.0675375
1.19971
0.160703
0.339727
2.8846
0.677412
0.183023
1.5241
5.89278
0.441249
4.83908
0.732013
5.55616
5.97248
3.2965
2.30036
0.0690242
1.23568
1.88347
0.0960899
0.724146
7.52113
1.26071
1.75971
2.0651
2.63013
0.721879
1.16265
1.77416
1.78613
0.650723
0.656546
0.309434
2.49178
0.185828
3.06226
1.22664
0.280508
2.02807
5.35071
2.3299
3.82749
2.29551
1.06821
3.06462
0.128344
0.0626166
1.21024
3.96232
0.195653
0.343252
1.06772
6.25042
2.27875
0.635639
2.87849
2.84709
0.503903
0.0897087
0.951843
1.98025
0.642816
0.811488
0.00526269
2.36532
0.176498
6.67997
2.04986
0.912832
2.40173
2.99509
0.683981
5.16507
1.00908
0.0700389
1.01025
1.94166
0.560858
0.887284
1.73182
2.30309
3.90242
0.0608661
0.52424
0.170121
4.22753
2.74334
1.22527
1.66311
